1432873803381211146
466450118137348116
942594612357386280
839864603487764551
916698279922786334
1013195898479726733
1097138211198865598
869936375057752134
1412421345421037600
1148633665040044163
806714292497547284
1433508865202323550
1276934098774134924
1334003376202977321
1429959330148388937
1271901577514451065
984317711553298463
1300243604983255103
1010287975055241307
1394038879312679045
1178771219449925652
928827635457482833
1263681911755116585
1407586494155063320
884817265890058301
1432445558169272354
1432460246491598969
1432870573666471959
601065108248068107
1429116200595755048
1081027861131034715
1387580090619002933
1231551790328057916
1418862871340650516
1129863091664990278
1416780637620408321
1400504991466262733
1187485593903575080
681836676557176893
964103520854880286
627239298198011934
1382853816474664960
809011943654424596
1335770753882390588
1377386172187283567
719912895126700072
1432489283117256734
927024977008553994
1376340023347249152
1397222327787454496
1379266192006713465
1216521887564304507
1098293838856065096
1135361809768009839
1379431834789871677
1380994027838771232
1407041838552186891
1398584660770029690
